#F 
#S Material: Ge202 Wavelength: 1.60975 AA 
#C 
#N 7 
#L  Th-ThB{in} [microrad]  Th-ThB{out} [microrad]  phase_p[rad]  phase_s[rad]  Circ Polariz  p-polarized  s-polarized
    -2.741147E+02    -2.741147E+02     0.000000E+00     0.000000E+00     0.000000E+00   0.00000000E+00   2.51730819E-03
    -2.709414E+02    -2.709414E+02     0.000000E+00     0.000000E+00     0.000000E+00   0.00000000E+00   2.56868126E-03
    -2.677680E+02    -2.677680E+02     0.000000E+00     0.000000E+00     0.000000E+00   0.00000000E+00   2.62164595E-03
    -2.645947E+02    -2.645947E+02     0.000000E+00     0.000000E+00     0.000000E+00   0.00000000E+00   2.67626881E-03
    -2.614214E+02    -2.614214E+02     0.000000E+00     0.000000E+00     0.000000E+00   0.00000000E+00   2.73261992E-03
    -2.582481E+02    -2.582481E+02     0.000000E+00     0.000000E+00     0.000000E+00   0.00000000E+00   2.79077311E-03
    -2.550748E+02    -2.550748E+02     0.000000E+00     0.000000E+00     0.000000E+00   0.00000000E+00   2.85080619E-03
    -2.519014E+02    -2.519014E+02     0.000000E+00     0.000000E+00     0.000000E+00   0.00000000E+00   2.91280122E-03
    -2.487281E+02    -2.487281E+02     0.000000E+00     0.000000E+00     0.000000E+00   0.00000000E+00   2.97684481E-03
    -2.455548E+02    -2.455548E+02     0.000000E+00     0.000000E+00     0.000000E+00   0.00000000E+00   3.04302842E-03
    -2.423815E+02    -2.423815E+02     0.000000E+00     0.000000E+00     0.000000E+00   0.00000000E+00   3.11144865E-03
    -2.392081E+02    -2.392081E+02     0.000000E+00     0.000000E+00     0.000000E+00   0.00000000E+00   3.18220766E-03
    -2.360348E+02    -2.360348E+02     0.000000E+00     0.000000E+00     0.000000E+00   0.00000000E+00   3.25541350E-03
    -2.328615E+02    -2.328615E+02     0.000000E+00     0.000000E+00     0.000000E+00   0.00000000E+00   3.33118055E-03
    -2.296882E+02    -2.296882E+02     0.000000E+00     0.000000E+00     0.000000E+00   0.00000000E+00   3.40962998E-03
    -2.265149E+02    -2.265149E+02     0.000000E+00     0.000000E+00     0.000000E+00   0.00000000E+00   3.49089022E-03
    -2.233415E+02    -2.233415E+02     0.000000E+00     0.000000E+00     0.000000E+00   0.00000000E+00   3.57509749E-03
    -2.201682E+02    -2.201682E+02     0.000000E+00     0.000000E+00     0.000000E+00   0.00000000E+00   3.66239640E-03
    -2.169949E+02    -2.169949E+02     0.000000E+00     0.000000E+00     0.000000E+00   0.00000000E+00   3.75294056E-03
    -2.138216E+02    -2.138216E+02     0.000000E+00     0.000000E+00     0.000000E+00   0.00000000E+00   3.84689325E-03
    -2.106482E+02    -2.106482E+02     0.000000E+00     0.000000E+00     0.000000E+00   0.00000000E+00   3.94442819E-03
    -2.074749E+02    -2.074749E+02     0.000000E+00     0.000000E+00     0.000000E+00   0.00000000E+00   4.04573034E-03
    -2.043016E+02    -2.043016E+02     0.000000E+00     0.000000E+00     0.000000E+00   0.00000000E+00   4.15099678E-03
    -2.011283E+02    -2.011283E+02     0.000000E+00     0.000000E+00     0.000000E+00   0.00000000E+00   4.26043769E-03
    -1.979550E+02    -1.979550E+02     0.000000E+00     0.000000E+00     0.000000E+00   0.00000000E+00   4.37427741E-03
    -1.947816E+02    -1.947816E+02     0.000000E+00     0.000000E+00     0.000000E+00   0.00000000E+00   4.49275559E-03
    -1.916083E+02    -1.916083E+02     0.000000E+00     0.000000E+00     0.000000E+00   0.00000000E+00   4.61612851E-03
    -1.884350E+02    -1.884350E+02     0.000000E+00     0.000000E+00     0.000000E+00   0.00000000E+00   4.74467041E-03
    -1.852617E+02    -1.852617E+02     0.000000E+00     0.000000E+00     0.000000E+00   0.00000000E+00   4.87867509E-03
    -1.820883E+02    -1.820883E+02     0.000000E+00     0.000000E+00     0.000000E+00   0.00000000E+00   5.01845762E-03
    -1.789150E+02    -1.789150E+02     0.000000E+00     0.000000E+00     0.000000E+00   0.00000000E+00   5.16435616E-03
    -1.757417E+02    -1.757417E+02     0.000000E+00     0.000000E+00     0.000000E+00   0.00000000E+00   5.31673408E-03
    -1.725684E+02    -1.725684E+02     0.000000E+00     0.000000E+00     0.000000E+00   0.00000000E+00   5.47598225E-03
    -1.693951E+02    -1.693951E+02     0.000000E+00     0.000000E+00     0.000000E+00   2.56394146E-03   5.64252157E-03
    -1.662217E+02    -1.662217E+02     0.000000E+00     0.000000E+00     0.000000E+00   2.64276929E-03   5.81680582E-03
    -1.630484E+02    -1.630484E+02     0.000000E+00     0.000000E+00     0.000000E+00   2.72504937E-03   5.99932475E-03
    -1.598751E+02    -1.598751E+02     0.000000E+00     0.000000E+00     0.000000E+00   2.81146225E-03   6.19060763E-03
    -1.567018E+02    -1.567018E+02     0.000000E+00     0.000000E+00     0.000000E+00   2.90186333E-03   6.39122714E-03
    -1.535284E+02    -1.535284E+02     0.000000E+00     0.000000E+00     0.000000E+00   2.99686824E-03   6.60180370E-03
    -1.503551E+02    -1.503551E+02     0.000000E+00     0.000000E+00     0.000000E+00   3.09649753E-03   6.82301039E-03
    -1.471818E+02    -1.471818E+02     0.000000E+00     0.000000E+00     0.000000E+00   3.20127460E-03   7.05557841E-03
    -1.440085E+02    -1.440085E+02     0.000000E+00     0.000000E+00     0.000000E+00   3.31143502E-03   7.30030324E-03
    -1.408352E+02    -1.408352E+02     0.000000E+00     0.000000E+00     0.000000E+00   3.42737457E-03   7.55805160E-03
    -1.376618E+02    -1.376618E+02     0.000000E+00     0.000000E+00     0.000000E+00   3.54960795E-03   7.82976923E-03
    -1.344885E+02    -1.344885E+02     0.000000E+00     0.000000E+00     0.000000E+00   3.67835720E-03   8.11648982E-03
    -1.313152E+02    -1.313152E+02     0.000000E+00     0.000000E+00     0.000000E+00   3.81449893E-03   8.41934499E-03
    -1.281419E+02    -1.281419E+02     0.000000E+00     0.000000E+00     0.000000E+00   3.95802119E-03   8.73957578E-03
    -1.249685E+02    -1.249685E+02     0.000000E+00     0.000000E+00     0.000000E+00   4.11027018E-03   9.07854558E-03
    -1.217952E+02    -1.217952E+02     0.000000E+00     0.000000E+00     0.000000E+00   4.27092080E-03   9.43775511E-03
    -1.186219E+02    -1.186219E+02     0.000000E+00     0.000000E+00     0.000000E+00   4.44192961E-03   9.81885934E-03
    -1.154486E+02    -1.154486E+02     0.000000E+00     0.000000E+00     0.000000E+00   4.62255402E-03   1.02236872E-02
    -1.122753E+02    -1.122753E+02     0.000000E+00     0.000000E+00     0.000000E+00   4.81554642E-03   1.06542639E-02
    -1.091019E+02    -1.091019E+02     0.000000E+00     0.000000E+00     0.000000E+00   5.01960811E-03   1.11128373E-02
    -1.059286E+02    -1.059286E+02     0.000000E+00     0.000000E+00     0.000000E+00   5.23853380E-03   1.16019079E-02
    -1.027553E+02    -1.027553E+02     0.000000E+00     0.000000E+00     0.000000E+00   5.47052206E-03   1.21242641E-02
    -9.958197E+01    -9.958197E+01     0.000000E+00     0.000000E+00     0.000000E+00   5.72002404E-03   1.26830231E-02
    -9.640865E+01    -9.640865E+01     0.000000E+00     0.000000E+00     0.000000E+00   5.98537976E-03   1.32816794E-02
    -9.323532E+01    -9.323532E+01     0.000000E+00     0.000000E+00     0.000000E+00   6.27137204E-03   1.39241608E-02
    -9.006200E+01    -9.006200E+01     0.000000E+00     0.000000E+00     0.000000E+00   6.57684534E-03   1.46148957E-02
    -8.688868E+01    -8.688868E+01     0.000000E+00     0.000000E+00     0.000000E+00   6.90684070E-03   1.53588925E-02
    -8.371536E+01    -8.371536E+01     0.000000E+00     0.000000E+00     0.000000E+00   7.26098800E-03   1.61618336E-02
    -8.054203E+01    -8.054203E+01     0.000000E+00     0.000000E+00     0.000000E+00   7.64454727E-03   1.70301892E-02
    -7.736871E+01    -7.736871E+01     0.000000E+00     0.000000E+00     0.000000E+00   8.05834735E-03   1.79713534E-02
    -7.419539E+01    -7.419539E+01     0.000000E+00     0.000000E+00     0.000000E+00   8.50779176E-03   1.89938090E-02
    -7.102207E+01    -7.102207E+01     0.000000E+00     0.000000E+00     0.000000E+00   8.99552311E-03   2.01073290E-02
    -6.784875E+01    -6.784875E+01     0.000000E+00     0.000000E+00     0.000000E+00   9.52695528E-03   2.13232221E-02
    -6.467542E+01    -6.467542E+01     0.000000E+00     0.000000E+00     0.000000E+00   1.01074707E-02   2.26546367E-02
    -6.150210E+01    -6.150210E+01     0.000000E+00     0.000000E+00     0.000000E+00   1.07422682E-02   2.41169377E-02
    -5.832878E+01    -5.832878E+01     0.000000E+00     0.000000E+00     0.000000E+00   1.14408876E-02   2.57281789E-02
    -5.515546E+01    -5.515546E+01     0.000000E+00     0.000000E+00     0.000000E+00   1.22079385E-02   2.75096980E-02
    -5.198214E+01    -5.198214E+01     0.000000E+00     0.000000E+00     0.000000E+00   1.30593319E-02   2.94868758E-02
    -4.880881E+01    -4.880881E+01     0.000000E+00     0.000000E+00     0.000000E+00   1.39984704E-02   3.16901110E-02
    -4.563549E+01    -4.563549E+01     0.000000E+00     0.000000E+00     0.000000E+00   1.50511761E-02   3.41560879E-02
    -4.246217E+01    -4.246217E+01     0.000000E+00     0.000000E+00     0.000000E+00   1.62186213E-02   3.69294428E-02
    -3.928885E+01    -3.928885E+01     0.000000E+00     0.000000E+00     0.000000E+00   1.75423656E-02   4.00649833E-02
    -3.611553E+01    -3.611553E+01     0.000000E+00     0.000000E+00     0.000000E+00   1.90196390E-02   4.36306859E-02
    -3.294220E+01    -3.294220E+01     0.000000E+00     0.000000E+00     0.000000E+00   2.07176662E-02   4.77118095E-02
    -2.976888E+01    -2.976888E+01     0.000000E+00     0.000000E+00     0.000000E+00   2.26289615E-02   5.24166418E-02
    -2.659556E+01    -2.659556E+01     0.000000E+00     0.000000E+00     0.000000E+00   2.48576413E-02   5.78846896E-02
    -2.342224E+01    -2.342224E+01     0.000000E+00     0.000000E+00     0.000000E+00   2.73999870E-02   6.42986223E-02
    -2.024892E+01    -2.024892E+01     0.000000E+00     0.000000E+00     0.000000E+00   3.04065457E-02   7.19021602E-02
    -1.707559E+01    -1.707559E+01     0.000000E+00     0.000000E+00     0.000000E+00   3.38997932E-02   8.10277062E-02
    -1.390227E+01    -1.390227E+01     0.000000E+00     0.000000E+00     0.000000E+00   3.81055149E-02   9.21406342E-02
    -1.072895E+01    -1.072895E+01     0.000000E+00     0.000000E+00     0.000000E+00   4.31088326E-02   1.05913508E-01
    -7.555627E+00    -7.555627E+00     0.000000E+00     0.000000E+00     0.000000E+00   4.92769673E-02   1.23357517E-01
    -4.382304E+00    -4.382304E+00     0.000000E+00     0.000000E+00     0.000000E+00   5.68518601E-02   1.46072180E-01
    -1.208982E+00    -1.208982E+00     0.000000E+00     0.000000E+00     0.000000E+00   6.65048550E-02   1.76766160E-01
     1.964340E+00     1.964340E+00     0.000000E+00     0.000000E+00     0.000000E+00   7.89141862E-02   2.20495370E-01
     5.137662E+00     5.137662E+00     0.000000E+00     0.000000E+00     0.000000E+00   9.55489098E-02   2.88260847E-01
     8.310984E+00     8.310984E+00     0.000000E+00     0.000000E+00     0.000000E+00   1.18565075E-01   4.12086159E-01
     1.148431E+01     1.148431E+01     0.000000E+00     0.000000E+00     0.000000E+00   1.52343854E-01   1.00000000E+00
     1.465763E+01     1.465763E+01     0.000000E+00     0.000000E+00     0.000000E+00   2.06532586E-01   9.80183566E-01
     1.783095E+01     1.783095E+01     0.000000E+00     0.000000E+00     0.000000E+00   3.07891221E-01   9.71338457E-01
     2.100427E+01     2.100427E+01     0.000000E+00     0.000000E+00     0.000000E+00   6.25846930E-01   9.64016901E-01
     2.417759E+01     2.417759E+01     0.000000E+00     0.000000E+00     0.000000E+00   8.92807383E-01   9.57322327E-01
     2.735092E+01     2.735092E+01     0.000000E+00     0.000000E+00     0.000000E+00   9.07964007E-01   9.50888460E-01
     3.052424E+01     3.052424E+01     0.000000E+00     0.000000E+00     0.000000E+00   9.08394516E-01   9.44503497E-01
     3.369756E+01     3.369756E+01     0.000000E+00     0.000000E+00     0.000000E+00   9.04032403E-01   9.38013039E-01
     3.687088E+01     3.687088E+01     0.000000E+00     0.000000E+00     0.000000E+00   8.97610562E-01   9.31281904E-01
     4.004420E+01     4.004420E+01     0.000000E+00     0.000000E+00     0.000000E+00   8.89198481E-01   9.24173101E-01
     4.321753E+01     4.321753E+01     0.000000E+00     0.000000E+00     0.000000E+00   8.79098904E-01   9.16531262E-01
     4.639085E+01     4.639085E+01     0.000000E+00     0.000000E+00     0.000000E+00   8.66380200E-01   9.08164418E-01
     4.956417E+01     4.956417E+01     0.000000E+00     0.000000E+00     0.000000E+00   8.50755295E-01   8.98818631E-01
     5.273749E+01     5.273749E+01     0.000000E+00     0.000000E+00     0.000000E+00   8.29632158E-01   8.88137255E-01
     5.591082E+01     5.591082E+01     0.000000E+00     0.000000E+00     0.000000E+00   8.00717249E-01   8.75588625E-01
     5.908414E+01     5.908414E+01     0.000000E+00     0.000000E+00     0.000000E+00   7.52595826E-01   8.60325541E-01
     6.225746E+01     6.225746E+01     0.000000E+00     0.000000E+00     0.000000E+00   6.62321368E-01   8.40882801E-01
     6.543078E+01     6.543078E+01     0.000000E+00     0.000000E+00     0.000000E+00   4.70358442E-01   8.14436374E-01
     6.860410E+01     6.860410E+01     0.000000E+00     0.000000E+00     0.000000E+00   2.93864049E-01   7.74652374E-01
     7.177743E+01     7.177743E+01     0.000000E+00     0.000000E+00     0.000000E+00   2.03070800E-01   7.04125640E-01
     7.495075E+01     7.495075E+01     0.000000E+00     0.000000E+00     0.000000E+00   1.51003234E-01   5.58619785E-01
     7.812407E+01     7.812407E+01     0.000000E+00     0.000000E+00     0.000000E+00   1.17929407E-01   3.86150497E-01
     8.129739E+01     8.129739E+01     0.000000E+00     0.000000E+00     0.000000E+00   9.52048182E-02   2.81253011E-01
     8.447071E+01     8.447071E+01     0.000000E+00     0.000000E+00     0.000000E+00   7.87127321E-02   2.17661738E-01
     8.764404E+01     8.764404E+01     0.000000E+00     0.000000E+00     0.000000E+00   6.63783742E-02   1.75361978E-01
     9.081736E+01     9.081736E+01     0.000000E+00     0.000000E+00     0.000000E+00   5.67691988E-02   1.45285739E-01
     9.399068E+01     9.399068E+01     0.000000E+00     0.000000E+00     0.000000E+00   4.92203990E-02   1.22879267E-01
     9.716400E+01     9.716400E+01     0.000000E+00     0.000000E+00     0.000000E+00   4.30692085E-02   1.05604835E-01
     1.003373E+02     1.003373E+02     0.000000E+00     0.000000E+00     0.000000E+00   3.80768001E-02   9.19321706E-02
     1.035106E+02     1.035106E+02     0.000000E+00     0.000000E+00     0.000000E+00   3.38786823E-02   8.08817837E-02
     1.066840E+02     1.066840E+02     0.000000E+00     0.000000E+00     0.000000E+00   3.03906027E-02   7.17969947E-02
     1.098573E+02     1.098573E+02     0.000000E+00     0.000000E+00     0.000000E+00   2.73878360E-02   6.42209694E-02
     1.130306E+02     1.130306E+02     0.000000E+00     0.000000E+00     0.000000E+00   2.48481729E-02   5.78261611E-02
     1.162039E+02     1.162039E+02     0.000000E+00     0.000000E+00     0.000000E+00   2.26215401E-02   5.23717413E-02
     1.193773E+02     1.193773E+02     0.000000E+00     0.000000E+00     0.000000E+00   2.07117385E-02   4.76768295E-02
     1.225506E+02     1.225506E+02     0.000000E+00     0.000000E+00     0.000000E+00   1.90148841E-02   4.36030631E-02
     1.257239E+02     1.257239E+02     0.000000E+00     0.000000E+00     0.000000E+00   1.75384933E-02   4.00429064E-02
     1.288972E+02     1.288972E+02     0.000000E+00     0.000000E+00     0.000000E+00   1.62154546E-02   3.69116075E-02
     1.320705E+02     1.320705E+02     0.000000E+00     0.000000E+00     0.000000E+00   1.50485560E-02   3.41415389E-02
     1.352439E+02     1.352439E+02     0.000000E+00     0.000000E+00     0.000000E+00   1.39962931E-02   3.16781380E-02
     1.384172E+02     1.384172E+02     0.000000E+00     0.000000E+00     0.000000E+00   1.30575059E-02   2.94769436E-02
     1.415905E+02     1.415905E+02     0.000000E+00     0.000000E+00     0.000000E+00   1.22064003E-02   2.75013980E-02
     1.447638E+02     1.447638E+02     0.000000E+00     0.000000E+00     0.000000E+00   1.14395824E-02   2.57211960E-02
     1.479372E+02     1.479372E+02     0.000000E+00     0.000000E+00     0.000000E+00   1.07411558E-02   2.41110263E-02
     1.511105E+02     1.511105E+02     0.000000E+00     0.000000E+00     0.000000E+00   1.01065171E-02   2.26496034E-02
     1.542838E+02     1.542838E+02     0.000000E+00     0.000000E+00     0.000000E+00   9.52613431E-03   2.13189134E-02
     1.574571E+02     1.574571E+02     0.000000E+00     0.000000E+00     0.000000E+00   8.99481304E-03   2.01036222E-02
     1.606304E+02     1.606304E+02     0.000000E+00     0.000000E+00     0.000000E+00   8.50717493E-03   1.89906051E-02
     1.638038E+02     1.638038E+02     0.000000E+00     0.000000E+00     0.000000E+00   8.05780960E-03   1.79685720E-02
     1.669771E+02     1.669771E+02     0.000000E+00     0.000000E+00     0.000000E+00   7.64407643E-03   1.70277647E-02
     1.701504E+02     1.701504E+02     0.000000E+00     0.000000E+00     0.000000E+00   7.26057460E-03   1.61597120E-02
     1.733237E+02     1.733237E+02     0.000000E+00     0.000000E+00     0.000000E+00   6.90647618E-03   1.53570292E-02
     1.764971E+02     1.764971E+02     0.000000E+00     0.000000E+00     0.000000E+00   6.57652323E-03   1.46132536E-02
     1.796704E+02     1.796704E+02     0.000000E+00     0.000000E+00     0.000000E+00   6.27108622E-03   1.39227089E-02
     1.828437E+02     1.828437E+02     0.000000E+00     0.000000E+00     0.000000E+00   5.98512572E-03   1.32803917E-02
     1.860170E+02     1.860170E+02     0.000000E+00     0.000000E+00     0.000000E+00   5.71979734E-03   1.26818777E-02
     1.891903E+02     1.891903E+02     0.000000E+00     0.000000E+00     0.000000E+00   5.47031951E-03   1.21232424E-02
     1.923637E+02     1.923637E+02     0.000000E+00     0.000000E+00     0.000000E+00   5.23835211E-03   1.16009942E-02
     1.955370E+02     1.955370E+02     0.000000E+00     0.000000E+00     0.000000E+00   5.01944498E-03   1.11120181E-02
     1.987103E+02     1.987103E+02     0.000000E+00     0.000000E+00     0.000000E+00   4.81539940E-03   1.06535276E-02
     2.018836E+02     2.018836E+02     0.000000E+00     0.000000E+00     0.000000E+00   4.62242141E-03   1.02230239E-02
     2.050570E+02     2.050570E+02     0.000000E+00     0.000000E+00     0.000000E+00   4.44180961E-03   9.81826050E-03
     2.082303E+02     2.082303E+02     0.000000E+00     0.000000E+00     0.000000E+00   4.27081210E-03   9.43721332E-03
     2.114036E+02     2.114036E+02     0.000000E+00     0.000000E+00     0.000000E+00   4.11017144E-03   9.07805441E-03
     2.145769E+02     2.145769E+02     0.000000E+00     0.000000E+00     0.000000E+00   3.95793140E-03   8.73912963E-03
     2.177502E+02     2.177502E+02     0.000000E+00     0.000000E+00     0.000000E+00   3.81441708E-03   8.41893899E-03
     2.209236E+02     2.209236E+02     0.000000E+00     0.000000E+00     0.000000E+00   3.67828249E-03   8.11611968E-03
     2.240969E+02     2.240969E+02     0.000000E+00     0.000000E+00     0.000000E+00   3.54953964E-03   7.82943121E-03
     2.272702E+02     2.272702E+02     0.000000E+00     0.000000E+00     0.000000E+00   3.42731202E-03   7.55774240E-03
     2.304435E+02     2.304435E+02     0.000000E+00     0.000000E+00     0.000000E+00   3.31137764E-03   7.30001995E-03
     2.336169E+02     2.336169E+02     0.000000E+00     0.000000E+00     0.000000E+00   3.20122189E-03   7.05531845E-03
     2.367902E+02     2.367902E+02     0.000000E+00     0.000000E+00     0.000000E+00   3.09644904E-03   6.82277150E-03
     2.399635E+02     2.399635E+02     0.000000E+00     0.000000E+00     0.000000E+00   2.99682358E-03   6.60158385E-03
     2.431368E+02     2.431368E+02     0.000000E+00     0.000000E+00     0.000000E+00   2.90182214E-03   6.39102453E-03
     2.463101E+02     2.463101E+02     0.000000E+00     0.000000E+00     0.000000E+00   2.81142419E-03   6.19042066E-03
     2.494835E+02     2.494835E+02     0.000000E+00     0.000000E+00     0.000000E+00   2.72501418E-03   5.99915199E-03
     2.526568E+02     2.526568E+02     0.000000E+00     0.000000E+00     0.000000E+00   2.64273671E-03   5.81664598E-03
     2.558301E+02     2.558301E+02     0.000000E+00     0.000000E+00     0.000000E+00   2.56391126E-03   5.64237352E-03
     2.590034E+02     2.590034E+02     0.000000E+00     0.000000E+00     0.000000E+00   0.00000000E+00   5.47584495E-03
     2.621768E+02     2.621768E+02     0.000000E+00     0.000000E+00     0.000000E+00   0.00000000E+00   5.31660661E-03
     2.653501E+02     2.653501E+02     0.000000E+00     0.000000E+00     0.000000E+00   0.00000000E+00   5.16423768E-03
     2.685234E+02     2.685234E+02     0.000000E+00     0.000000E+00     0.000000E+00   0.00000000E+00   5.01834738E-03
     2.716967E+02     2.716967E+02     0.000000E+00     0.000000E+00     0.000000E+00   0.00000000E+00   4.87857241E-03
     2.748700E+02     2.748700E+02     0.000000E+00     0.000000E+00     0.000000E+00   0.00000000E+00   4.74457467E-03
     2.780434E+02     2.780434E+02     0.000000E+00     0.000000E+00     0.000000E+00   0.00000000E+00   4.61603916E-03
     2.812167E+02     2.812167E+02     0.000000E+00     0.000000E+00     0.000000E+00   0.00000000E+00   4.49267213E-03
     2.843900E+02     2.843900E+02     0.000000E+00     0.000000E+00     0.000000E+00   0.00000000E+00   4.37419936E-03
     2.875633E+02     2.875633E+02     0.000000E+00     0.000000E+00     0.000000E+00   0.00000000E+00   4.26036465E-03
     2.907367E+02     2.907367E+02     0.000000E+00     0.000000E+00     0.000000E+00   0.00000000E+00   4.15092836E-03
     2.939100E+02     2.939100E+02     0.000000E+00     0.000000E+00     0.000000E+00   0.00000000E+00   4.04566620E-03
     2.970833E+02     2.970833E+02     0.000000E+00     0.000000E+00     0.000000E+00   0.00000000E+00   3.94436801E-03
     3.002566E+02     3.002566E+02     0.000000E+00     0.000000E+00     0.000000E+00   0.00000000E+00   3.84683674E-03
     3.034299E+02     3.034299E+02     0.000000E+00     0.000000E+00     0.000000E+00   0.00000000E+00   3.75288745E-03
     3.066033E+02     3.066033E+02     0.000000E+00     0.000000E+00     0.000000E+00   0.00000000E+00   3.66234645E-03
     3.097766E+02     3.097766E+02     0.000000E+00     0.000000E+00     0.000000E+00   0.00000000E+00   3.57505047E-03
     3.129499E+02     3.129499E+02     0.000000E+00     0.000000E+00     0.000000E+00   0.00000000E+00   3.49084593E-03
     3.161232E+02     3.161232E+02     0.000000E+00     0.000000E+00     0.000000E+00   0.00000000E+00   3.40958823E-03
     3.192965E+02     3.192965E+02     0.000000E+00     0.000000E+00     0.000000E+00   0.00000000E+00   3.33114117E-03
     3.224699E+02     3.224699E+02     0.000000E+00     0.000000E+00     0.000000E+00   0.00000000E+00   3.25537633E-03
     3.256432E+02     3.256432E+02     0.000000E+00     0.000000E+00     0.000000E+00   0.00000000E+00   3.18217255E-03
     3.288165E+02     3.288165E+02     0.000000E+00     0.000000E+00     0.000000E+00   0.00000000E+00   3.11141547E-03
     3.319898E+02     3.319898E+02     0.000000E+00     0.000000E+00     0.000000E+00   0.00000000E+00   3.04299704E-03
     3.351632E+02     3.351632E+02     0.000000E+00     0.000000E+00     0.000000E+00   0.00000000E+00   2.97681512E-03
     3.383365E+02     3.383365E+02     0.000000E+00     0.000000E+00     0.000000E+00   0.00000000E+00   2.91277310E-03
     3.415098E+02     3.415098E+02     0.000000E+00     0.000000E+00     0.000000E+00   0.00000000E+00   2.85077955E-03
     3.446831E+02     3.446831E+02     0.000000E+00     0.000000E+00     0.000000E+00   0.00000000E+00   2.79074786E-03
     3.478564E+02     3.478564E+02     0.000000E+00     0.000000E+00     0.000000E+00   0.00000000E+00   2.73259597E-03
     3.510298E+02     3.510298E+02     0.000000E+00     0.000000E+00     0.000000E+00   0.00000000E+00   2.67624608E-03
     3.542031E+02     3.542031E+02     0.000000E+00     0.000000E+00     0.000000E+00   0.00000000E+00   2.62162436E-03
     3.573764E+02     3.573764E+02     0.000000E+00     0.000000E+00     0.000000E+00   0.00000000E+00   2.56866074E-03
     3.605497E+02     3.605497E+02     0.000000E+00     0.000000E+00     0.000000E+00   0.00000000E+00   2.51728869E-03
