#F 
#S Material: Ge202 Wavelength: 1.6095000000000002 AA 
#C 
#N 7 
#L  Th-ThB{in} [microrad]  Th-ThB{out} [microrad]  phase_p[rad]  phase_s[rad]  Circ Polariz  p-polarized  s-polarized
    -2.740595E+02    -2.740595E+02     0.000000E+00     0.000000E+00     0.000000E+00   0.00000000E+00   2.51730576E-03
    -2.708868E+02    -2.708868E+02     0.000000E+00     0.000000E+00     0.000000E+00   0.00000000E+00   2.56867878E-03
    -2.677141E+02    -2.677141E+02     0.000000E+00     0.000000E+00     0.000000E+00   0.00000000E+00   2.62164342E-03
    -2.645414E+02    -2.645414E+02     0.000000E+00     0.000000E+00     0.000000E+00   0.00000000E+00   2.67626623E-03
    -2.613687E+02    -2.613687E+02     0.000000E+00     0.000000E+00     0.000000E+00   0.00000000E+00   2.73261729E-03
    -2.581960E+02    -2.581960E+02     0.000000E+00     0.000000E+00     0.000000E+00   0.00000000E+00   2.79077042E-03
    -2.550234E+02    -2.550234E+02     0.000000E+00     0.000000E+00     0.000000E+00   0.00000000E+00   2.85080344E-03
    -2.518507E+02    -2.518507E+02     0.000000E+00     0.000000E+00     0.000000E+00   0.00000000E+00   2.91279841E-03
    -2.486780E+02    -2.486780E+02     0.000000E+00     0.000000E+00     0.000000E+00   0.00000000E+00   2.97684195E-03
    -2.455053E+02    -2.455053E+02     0.000000E+00     0.000000E+00     0.000000E+00   0.00000000E+00   3.04302549E-03
    -2.423326E+02    -2.423326E+02     0.000000E+00     0.000000E+00     0.000000E+00   0.00000000E+00   3.11144566E-03
    -2.391599E+02    -2.391599E+02     0.000000E+00     0.000000E+00     0.000000E+00   0.00000000E+00   3.18220460E-03
    -2.359872E+02    -2.359872E+02     0.000000E+00     0.000000E+00     0.000000E+00   0.00000000E+00   3.25541036E-03
    -2.328146E+02    -2.328146E+02     0.000000E+00     0.000000E+00     0.000000E+00   0.00000000E+00   3.33117735E-03
    -2.296419E+02    -2.296419E+02     0.000000E+00     0.000000E+00     0.000000E+00   0.00000000E+00   3.40962670E-03
    -2.264692E+02    -2.264692E+02     0.000000E+00     0.000000E+00     0.000000E+00   0.00000000E+00   3.49088686E-03
    -2.232965E+02    -2.232965E+02     0.000000E+00     0.000000E+00     0.000000E+00   0.00000000E+00   3.57509406E-03
    -2.201238E+02    -2.201238E+02     0.000000E+00     0.000000E+00     0.000000E+00   0.00000000E+00   3.66239289E-03
    -2.169511E+02    -2.169511E+02     0.000000E+00     0.000000E+00     0.000000E+00   0.00000000E+00   3.75293696E-03
    -2.137784E+02    -2.137784E+02     0.000000E+00     0.000000E+00     0.000000E+00   0.00000000E+00   3.84688956E-03
    -2.106058E+02    -2.106058E+02     0.000000E+00     0.000000E+00     0.000000E+00   0.00000000E+00   3.94442441E-03
    -2.074331E+02    -2.074331E+02     0.000000E+00     0.000000E+00     0.000000E+00   0.00000000E+00   4.04572646E-03
    -2.042604E+02    -2.042604E+02     0.000000E+00     0.000000E+00     0.000000E+00   0.00000000E+00   4.15099280E-03
    -2.010877E+02    -2.010877E+02     0.000000E+00     0.000000E+00     0.000000E+00   0.00000000E+00   4.26043361E-03
    -1.979150E+02    -1.979150E+02     0.000000E+00     0.000000E+00     0.000000E+00   0.00000000E+00   4.37427322E-03
    -1.947423E+02    -1.947423E+02     0.000000E+00     0.000000E+00     0.000000E+00   0.00000000E+00   4.49275130E-03
    -1.915697E+02    -1.915697E+02     0.000000E+00     0.000000E+00     0.000000E+00   0.00000000E+00   4.61612410E-03
    -1.883970E+02    -1.883970E+02     0.000000E+00     0.000000E+00     0.000000E+00   0.00000000E+00   4.74466588E-03
    -1.852243E+02    -1.852243E+02     0.000000E+00     0.000000E+00     0.000000E+00   0.00000000E+00   4.87867044E-03
    -1.820516E+02    -1.820516E+02     0.000000E+00     0.000000E+00     0.000000E+00   0.00000000E+00   5.01845283E-03
    -1.788789E+02    -1.788789E+02     0.000000E+00     0.000000E+00     0.000000E+00   0.00000000E+00   5.16435123E-03
    -1.757062E+02    -1.757062E+02     0.000000E+00     0.000000E+00     0.000000E+00   0.00000000E+00   5.31672901E-03
    -1.725335E+02    -1.725335E+02     0.000000E+00     0.000000E+00     0.000000E+00   0.00000000E+00   5.47597704E-03
    -1.693609E+02    -1.693609E+02     0.000000E+00     0.000000E+00     0.000000E+00   2.56469618E-03   5.64251621E-03
    -1.661882E+02    -1.661882E+02     0.000000E+00     0.000000E+00     0.000000E+00   2.64355982E-03   5.81680029E-03
    -1.630155E+02    -1.630155E+02     0.000000E+00     0.000000E+00     0.000000E+00   2.72585252E-03   5.99931905E-03
    -1.598428E+02    -1.598428E+02     0.000000E+00     0.000000E+00     0.000000E+00   2.81230476E-03   6.19060176E-03
    -1.566701E+02    -1.566701E+02     0.000000E+00     0.000000E+00     0.000000E+00   2.90271975E-03   6.39122108E-03
    -1.534974E+02    -1.534974E+02     0.000000E+00     0.000000E+00     0.000000E+00   2.99776806E-03   6.60179744E-03
    -1.503248E+02    -1.503248E+02     0.000000E+00     0.000000E+00     0.000000E+00   3.09741270E-03   6.82300393E-03
    -1.471521E+02    -1.471521E+02     0.000000E+00     0.000000E+00     0.000000E+00   3.20223779E-03   7.05557174E-03
    -1.439794E+02    -1.439794E+02     0.000000E+00     0.000000E+00     0.000000E+00   3.31241525E-03   7.30029635E-03
    -1.408067E+02    -1.408067E+02     0.000000E+00     0.000000E+00     0.000000E+00   3.42840812E-03   7.55804447E-03
    -1.376340E+02    -1.376340E+02     0.000000E+00     0.000000E+00     0.000000E+00   3.55066046E-03   7.82976186E-03
    -1.344613E+02    -1.344613E+02     0.000000E+00     0.000000E+00     0.000000E+00   3.67946912E-03   8.11648219E-03
    -1.312886E+02    -1.312886E+02     0.000000E+00     0.000000E+00     0.000000E+00   3.81563205E-03   8.41933709E-03
    -1.281160E+02    -1.281160E+02     0.000000E+00     0.000000E+00     0.000000E+00   3.95922082E-03   8.73956758E-03
    -1.249433E+02    -1.249433E+02     0.000000E+00     0.000000E+00     0.000000E+00   4.11149360E-03   9.07853708E-03
    -1.217706E+02    -1.217706E+02     0.000000E+00     0.000000E+00     0.000000E+00   4.27221900E-03   9.43774628E-03
    -1.185979E+02    -1.185979E+02     0.000000E+00     0.000000E+00     0.000000E+00   4.44325465E-03   9.81885018E-03
    -1.154252E+02    -1.154252E+02     0.000000E+00     0.000000E+00     0.000000E+00   4.62396352E-03   1.02236776E-02
    -1.122525E+02    -1.122525E+02     0.000000E+00     0.000000E+00     0.000000E+00   4.81698635E-03   1.06542540E-02
    -1.090798E+02    -1.090798E+02     0.000000E+00     0.000000E+00     0.000000E+00   5.02114397E-03   1.11128270E-02
    -1.059072E+02    -1.059072E+02     0.000000E+00     0.000000E+00     0.000000E+00   5.24010437E-03   1.16018971E-02
    -1.027345E+02    -1.027345E+02     0.000000E+00     0.000000E+00     0.000000E+00   5.47212843E-03   1.21242528E-02
    -9.956179E+01    -9.956179E+01     0.000000E+00     0.000000E+00     0.000000E+00   5.72174399E-03   1.26830114E-02
    -9.638911E+01    -9.638911E+01     0.000000E+00     0.000000E+00     0.000000E+00   5.98714085E-03   1.32816671E-02
    -9.321642E+01    -9.321642E+01     0.000000E+00     0.000000E+00     0.000000E+00   6.27326394E-03   1.39241480E-02
    -9.004374E+01    -9.004374E+01     0.000000E+00     0.000000E+00     0.000000E+00   6.57878484E-03   1.46148824E-02
    -8.687105E+01    -8.687105E+01     0.000000E+00     0.000000E+00     0.000000E+00   6.90893193E-03   1.53588785E-02
    -8.369837E+01    -8.369837E+01     0.000000E+00     0.000000E+00     0.000000E+00   7.26313475E-03   1.61618189E-02
    -8.052568E+01    -8.052568E+01     0.000000E+00     0.000000E+00     0.000000E+00   7.64687142E-03   1.70301738E-02
    -7.735300E+01    -7.735300E+01     0.000000E+00     0.000000E+00     0.000000E+00   8.06073680E-03   1.79713372E-02
    -7.418031E+01    -7.418031E+01     0.000000E+00     0.000000E+00     0.000000E+00   8.51039049E-03   1.89937920E-02
    -7.100763E+01    -7.100763E+01     0.000000E+00     0.000000E+00     0.000000E+00   8.99819940E-03   2.01073110E-02
    -6.783494E+01    -6.783494E+01     0.000000E+00     0.000000E+00     0.000000E+00   9.52988096E-03   2.13232031E-02
    -6.466226E+01    -6.466226E+01     0.000000E+00     0.000000E+00     0.000000E+00   1.01104895E-02   2.26546166E-02
    -6.148957E+01    -6.148957E+01     0.000000E+00     0.000000E+00     0.000000E+00   1.07455875E-02   2.41169165E-02
    -5.831689E+01    -5.831689E+01     0.000000E+00     0.000000E+00     0.000000E+00   1.14443202E-02   2.57281563E-02
    -5.514420E+01    -5.514420E+01     0.000000E+00     0.000000E+00     0.000000E+00   1.22117381E-02   2.75096741E-02
    -5.197152E+01    -5.197152E+01     0.000000E+00     0.000000E+00     0.000000E+00   1.30632714E-02   2.94868503E-02
    -4.879884E+01    -4.879884E+01     0.000000E+00     0.000000E+00     0.000000E+00   1.40028647E-02   3.16900838E-02
    -4.562615E+01    -4.562615E+01     0.000000E+00     0.000000E+00     0.000000E+00   1.50557458E-02   3.41560588E-02
    -4.245347E+01    -4.245347E+01     0.000000E+00     0.000000E+00     0.000000E+00   1.62237650E-02   3.69294117E-02
    -3.928078E+01    -3.928078E+01     0.000000E+00     0.000000E+00     0.000000E+00   1.75477339E-02   4.00649500E-02
    -3.610810E+01    -3.610810E+01     0.000000E+00     0.000000E+00     0.000000E+00   1.90257469E-02   4.36306500E-02
    -3.293541E+01    -3.293541E+01     0.000000E+00     0.000000E+00     0.000000E+00   2.07240686E-02   4.77117707E-02
    -2.976273E+01    -2.976273E+01     0.000000E+00     0.000000E+00     0.000000E+00   2.26356798E-02   5.24165999E-02
    -2.659004E+01    -2.659004E+01     0.000000E+00     0.000000E+00     0.000000E+00   2.48654194E-02   5.78846441E-02
    -2.341736E+01    -2.341736E+01     0.000000E+00     0.000000E+00     0.000000E+00   2.74081959E-02   6.42985728E-02
    -2.024467E+01    -2.024467E+01     0.000000E+00     0.000000E+00     0.000000E+00   3.04162161E-02   7.19021061E-02
    -1.707199E+01    -1.707199E+01     0.000000E+00     0.000000E+00     0.000000E+00   3.39100757E-02   8.10276468E-02
    -1.389930E+01    -1.389930E+01     0.000000E+00     0.000000E+00     0.000000E+00   3.81179035E-02   9.21405688E-02
    -1.072662E+01    -1.072662E+01     0.000000E+00     0.000000E+00     0.000000E+00   4.31221386E-02   1.05913436E-01
    -7.553931E+00    -7.553931E+00     0.000000E+00     0.000000E+00     0.000000E+00   4.92934948E-02   1.23357436E-01
    -4.381247E+00    -4.381247E+00     0.000000E+00     0.000000E+00     0.000000E+00   5.68698701E-02   1.46072090E-01
    -1.208562E+00    -1.208562E+00     0.000000E+00     0.000000E+00     0.000000E+00   6.65282338E-02   1.76766060E-01
     1.964123E+00     1.964123E+00     0.000000E+00     0.000000E+00     0.000000E+00   7.89402467E-02   2.20495258E-01
     5.136808E+00     5.136808E+00     0.000000E+00     0.000000E+00     0.000000E+00   9.55852216E-02   2.88260724E-01
     8.309493E+00     8.309493E+00     0.000000E+00     0.000000E+00     0.000000E+00   1.18607253E-01   4.12086029E-01
     1.148218E+01     1.148218E+01     0.000000E+00     0.000000E+00     0.000000E+00   1.52411303E-01   1.00000000E+00
     1.465486E+01     1.465486E+01     0.000000E+00     0.000000E+00     0.000000E+00   2.06619153E-01   9.80188594E-01
     1.782755E+01     1.782755E+01     0.000000E+00     0.000000E+00     0.000000E+00   3.08107133E-01   9.71345697E-01
     2.100023E+01     2.100023E+01     0.000000E+00     0.000000E+00     0.000000E+00   6.26415431E-01   9.64025955E-01
     2.417292E+01     2.417292E+01     0.000000E+00     0.000000E+00     0.000000E+00   8.92890599E-01   9.57333026E-01
     2.734560E+01     2.734560E+01     0.000000E+00     0.000000E+00     0.000000E+00   9.08016173E-01   9.50900728E-01
     3.051829E+01     3.051829E+01     0.000000E+00     0.000000E+00     0.000000E+00   9.08436315E-01   9.44517311E-01
     3.369097E+01     3.369097E+01     0.000000E+00     0.000000E+00     0.000000E+00   9.04072734E-01   9.38028411E-01
     3.686366E+01     3.686366E+01     0.000000E+00     0.000000E+00     0.000000E+00   8.97651027E-01   9.31298878E-01
     4.003634E+01     4.003634E+01     0.000000E+00     0.000000E+00     0.000000E+00   8.89241075E-01   9.24191752E-01
     4.320903E+01     4.320903E+01     0.000000E+00     0.000000E+00     0.000000E+00   8.79144684E-01   9.16551698E-01
     4.638171E+01     4.638171E+01     0.000000E+00     0.000000E+00     0.000000E+00   8.66430761E-01   9.08186785E-01
     4.955440E+01     4.955440E+01     0.000000E+00     0.000000E+00     0.000000E+00   8.50812201E-01   8.98843125E-01
     5.272708E+01     5.272708E+01     0.000000E+00     0.000000E+00     0.000000E+00   8.29699981E-01   8.88164140E-01
     5.589977E+01     5.589977E+01     0.000000E+00     0.000000E+00     0.000000E+00   8.00799438E-01   8.75618260E-01
     5.907245E+01     5.907245E+01     0.000000E+00     0.000000E+00     0.000000E+00   7.52716130E-01   8.60358426E-01
     6.224514E+01     6.224514E+01     0.000000E+00     0.000000E+00     0.000000E+00   6.62498538E-01   8.40919653E-01
     6.541782E+01     6.541782E+01     0.000000E+00     0.000000E+00     0.000000E+00   4.70629600E-01   8.14478246E-01
     6.859051E+01     6.859051E+01     0.000000E+00     0.000000E+00     0.000000E+00   2.94044673E-01   7.74700719E-01
     7.176319E+01     7.176319E+01     0.000000E+00     0.000000E+00     0.000000E+00   2.03155475E-01   7.04180596E-01
     7.493588E+01     7.493588E+01     0.000000E+00     0.000000E+00     0.000000E+00   1.51069575E-01   5.58660283E-01
     7.810856E+01     7.810856E+01     0.000000E+00     0.000000E+00     0.000000E+00   1.17971399E-01   3.86161177E-01
     8.128125E+01     8.128125E+01     0.000000E+00     0.000000E+00     0.000000E+00   9.52409673E-02   2.81256245E-01
     8.445393E+01     8.445393E+01     0.000000E+00     0.000000E+00     0.000000E+00   7.87387536E-02   2.17663034E-01
     8.762662E+01     8.762662E+01     0.000000E+00     0.000000E+00     0.000000E+00   6.64017116E-02   1.75362585E-01
     9.079930E+01     9.079930E+01     0.000000E+00     0.000000E+00     0.000000E+00   5.67871970E-02   1.45286049E-01
     9.397199E+01     9.397199E+01     0.000000E+00     0.000000E+00     0.000000E+00   4.92369124E-02   1.22879431E-01
     9.714467E+01     9.714467E+01     0.000000E+00     0.000000E+00     0.000000E+00   4.30825101E-02   1.05604920E-01
     1.003174E+02     1.003174E+02     0.000000E+00     0.000000E+00     0.000000E+00   3.80891829E-02   9.19322119E-02
     1.034900E+02     1.034900E+02     0.000000E+00     0.000000E+00     0.000000E+00   3.38889628E-02   8.08817991E-02
     1.066627E+02     1.066627E+02     0.000000E+00     0.000000E+00     0.000000E+00   3.04002705E-02   7.17969945E-02
     1.098354E+02     1.098354E+02     0.000000E+00     0.000000E+00     0.000000E+00   2.73960440E-02   6.42209597E-02
     1.130081E+02     1.130081E+02     0.000000E+00     0.000000E+00     0.000000E+00   2.48559496E-02   5.78261456E-02
     1.161808E+02     1.161808E+02     0.000000E+00     0.000000E+00     0.000000E+00   2.26282579E-02   5.23717224E-02
     1.193535E+02     1.193535E+02     0.000000E+00     0.000000E+00     0.000000E+00   2.07181401E-02   4.76768087E-02
     1.225261E+02     1.225261E+02     0.000000E+00     0.000000E+00     0.000000E+00   1.90209911E-02   4.36030414E-02
     1.256988E+02     1.256988E+02     0.000000E+00     0.000000E+00     0.000000E+00   1.75438611E-02   4.00428844E-02
     1.288715E+02     1.288715E+02     0.000000E+00     0.000000E+00     0.000000E+00   1.62205978E-02   3.69115856E-02
     1.320442E+02     1.320442E+02     0.000000E+00     0.000000E+00     0.000000E+00   1.50531254E-02   3.41415173E-02
     1.352169E+02     1.352169E+02     0.000000E+00     0.000000E+00     0.000000E+00   1.40006871E-02   3.16781170E-02
     1.383896E+02     1.383896E+02     0.000000E+00     0.000000E+00     0.000000E+00   1.30614451E-02   2.94769232E-02
     1.415623E+02     1.415623E+02     0.000000E+00     0.000000E+00     0.000000E+00   1.22101997E-02   2.75013784E-02
     1.447349E+02     1.447349E+02     0.000000E+00     0.000000E+00     0.000000E+00   1.14430149E-02   2.57211771E-02
     1.479076E+02     1.479076E+02     0.000000E+00     0.000000E+00     0.000000E+00   1.07444750E-02   2.41110081E-02
     1.510803E+02     1.510803E+02     0.000000E+00     0.000000E+00     0.000000E+00   1.01095359E-02   2.26495859E-02
     1.542530E+02     1.542530E+02     0.000000E+00     0.000000E+00     0.000000E+00   9.52905988E-03   2.13188967E-02
     1.574257E+02     1.574257E+02     0.000000E+00     0.000000E+00     0.000000E+00   8.99748929E-03   2.01036061E-02
     1.605984E+02     1.605984E+02     0.000000E+00     0.000000E+00     0.000000E+00   8.50977359E-03   1.89905897E-02
     1.637711E+02     1.637711E+02     0.000000E+00     0.000000E+00     0.000000E+00   8.06019901E-03   1.79685572E-02
     1.669437E+02     1.669437E+02     0.000000E+00     0.000000E+00     0.000000E+00   7.64640053E-03   1.70277505E-02
     1.701164E+02     1.701164E+02     0.000000E+00     0.000000E+00     0.000000E+00   7.26272131E-03   1.61596984E-02
     1.732891E+02     1.732891E+02     0.000000E+00     0.000000E+00     0.000000E+00   6.90856737E-03   1.53570161E-02
     1.764618E+02     1.764618E+02     0.000000E+00     0.000000E+00     0.000000E+00   6.57846271E-03   1.46132411E-02
     1.796345E+02     1.796345E+02     0.000000E+00     0.000000E+00     0.000000E+00   6.27297809E-03   1.39226968E-02
     1.828072E+02     1.828072E+02     0.000000E+00     0.000000E+00     0.000000E+00   5.98688680E-03   1.32803801E-02
     1.859798E+02     1.859798E+02     0.000000E+00     0.000000E+00     0.000000E+00   5.72151727E-03   1.26818666E-02
     1.891525E+02     1.891525E+02     0.000000E+00     0.000000E+00     0.000000E+00   5.47192586E-03   1.21232317E-02
     1.923252E+02     1.923252E+02     0.000000E+00     0.000000E+00     0.000000E+00   5.23992266E-03   1.16009839E-02
     1.954979E+02     1.954979E+02     0.000000E+00     0.000000E+00     0.000000E+00   5.02098082E-03   1.11120082E-02
     1.986706E+02     1.986706E+02     0.000000E+00     0.000000E+00     0.000000E+00   4.81683932E-03   1.06535180E-02
     2.018433E+02     2.018433E+02     0.000000E+00     0.000000E+00     0.000000E+00   4.62383089E-03   1.02230147E-02
     2.050160E+02     2.050160E+02     0.000000E+00     0.000000E+00     0.000000E+00   4.44313464E-03   9.81825165E-03
     2.081886E+02     2.081886E+02     0.000000E+00     0.000000E+00     0.000000E+00   4.27211028E-03   9.43720477E-03
     2.113613E+02     2.113613E+02     0.000000E+00     0.000000E+00     0.000000E+00   4.11139486E-03   9.07804616E-03
     2.145340E+02     2.145340E+02     0.000000E+00     0.000000E+00     0.000000E+00   3.95913102E-03   8.73912166E-03
     2.177067E+02     2.177067E+02     0.000000E+00     0.000000E+00     0.000000E+00   3.81555020E-03   8.41893129E-03
     2.208794E+02     2.208794E+02     0.000000E+00     0.000000E+00     0.000000E+00   3.67939441E-03   8.11611224E-03
     2.240521E+02     2.240521E+02     0.000000E+00     0.000000E+00     0.000000E+00   3.55059214E-03   7.82942402E-03
     2.272248E+02     2.272248E+02     0.000000E+00     0.000000E+00     0.000000E+00   3.42834555E-03   7.55773543E-03
     2.303974E+02     2.303974E+02     0.000000E+00     0.000000E+00     0.000000E+00   3.31235786E-03   7.30001321E-03
     2.335701E+02     2.335701E+02     0.000000E+00     0.000000E+00     0.000000E+00   3.20218507E-03   7.05531192E-03
     2.367428E+02     2.367428E+02     0.000000E+00     0.000000E+00     0.000000E+00   3.09736422E-03   6.82276517E-03
     2.399155E+02     2.399155E+02     0.000000E+00     0.000000E+00     0.000000E+00   2.99772338E-03   6.60157771E-03
     2.430882E+02     2.430882E+02     0.000000E+00     0.000000E+00     0.000000E+00   2.90267855E-03   6.39101858E-03
     2.462609E+02     2.462609E+02     0.000000E+00     0.000000E+00     0.000000E+00   2.81226670E-03   6.19041489E-03
     2.494335E+02     2.494335E+02     0.000000E+00     0.000000E+00     0.000000E+00   2.72581733E-03   5.99914638E-03
     2.526062E+02     2.526062E+02     0.000000E+00     0.000000E+00     0.000000E+00   2.64352723E-03   5.81664054E-03
     2.557789E+02     2.557789E+02     0.000000E+00     0.000000E+00     0.000000E+00   2.56466598E-03   5.64236823E-03
     2.589516E+02     2.589516E+02     0.000000E+00     0.000000E+00     0.000000E+00   0.00000000E+00   5.47583981E-03
     2.621243E+02     2.621243E+02     0.000000E+00     0.000000E+00     0.000000E+00   0.00000000E+00   5.31660161E-03
     2.652970E+02     2.652970E+02     0.000000E+00     0.000000E+00     0.000000E+00   0.00000000E+00   5.16423282E-03
     2.684697E+02     2.684697E+02     0.000000E+00     0.000000E+00     0.000000E+00   0.00000000E+00   5.01834265E-03
     2.716423E+02     2.716423E+02     0.000000E+00     0.000000E+00     0.000000E+00   0.00000000E+00   4.87856781E-03
     2.748150E+02     2.748150E+02     0.000000E+00     0.000000E+00     0.000000E+00   0.00000000E+00   4.74457019E-03
     2.779877E+02     2.779877E+02     0.000000E+00     0.000000E+00     0.000000E+00   0.00000000E+00   4.61603480E-03
     2.811604E+02     2.811604E+02     0.000000E+00     0.000000E+00     0.000000E+00   0.00000000E+00   4.49266788E-03
     2.843331E+02     2.843331E+02     0.000000E+00     0.000000E+00     0.000000E+00   0.00000000E+00   4.37419522E-03
     2.875058E+02     2.875058E+02     0.000000E+00     0.000000E+00     0.000000E+00   0.00000000E+00   4.26036061E-03
     2.906784E+02     2.906784E+02     0.000000E+00     0.000000E+00     0.000000E+00   0.00000000E+00   4.15092442E-03
     2.938511E+02     2.938511E+02     0.000000E+00     0.000000E+00     0.000000E+00   0.00000000E+00   4.04566235E-03
     2.970238E+02     2.970238E+02     0.000000E+00     0.000000E+00     0.000000E+00   0.00000000E+00   3.94436426E-03
     3.001965E+02     3.001965E+02     0.000000E+00     0.000000E+00     0.000000E+00   0.00000000E+00   3.84683308E-03
     3.033692E+02     3.033692E+02     0.000000E+00     0.000000E+00     0.000000E+00   0.00000000E+00   3.75288388E-03
     3.065419E+02     3.065419E+02     0.000000E+00     0.000000E+00     0.000000E+00   0.00000000E+00   3.66234296E-03
     3.097146E+02     3.097146E+02     0.000000E+00     0.000000E+00     0.000000E+00   0.00000000E+00   3.57504706E-03
     3.128872E+02     3.128872E+02     0.000000E+00     0.000000E+00     0.000000E+00   0.00000000E+00   3.49084260E-03
     3.160599E+02     3.160599E+02     0.000000E+00     0.000000E+00     0.000000E+00   0.00000000E+00   3.40958498E-03
     3.192326E+02     3.192326E+02     0.000000E+00     0.000000E+00     0.000000E+00   0.00000000E+00   3.33113799E-03
     3.224053E+02     3.224053E+02     0.000000E+00     0.000000E+00     0.000000E+00   0.00000000E+00   3.25537322E-03
     3.255780E+02     3.255780E+02     0.000000E+00     0.000000E+00     0.000000E+00   0.00000000E+00   3.18216951E-03
     3.287507E+02     3.287507E+02     0.000000E+00     0.000000E+00     0.000000E+00   0.00000000E+00   3.11141250E-03
     3.319234E+02     3.319234E+02     0.000000E+00     0.000000E+00     0.000000E+00   0.00000000E+00   3.04299413E-03
     3.350960E+02     3.350960E+02     0.000000E+00     0.000000E+00     0.000000E+00   0.00000000E+00   2.97681227E-03
     3.382687E+02     3.382687E+02     0.000000E+00     0.000000E+00     0.000000E+00   0.00000000E+00   2.91277031E-03
     3.414414E+02     3.414414E+02     0.000000E+00     0.000000E+00     0.000000E+00   0.00000000E+00   2.85077682E-03
     3.446141E+02     3.446141E+02     0.000000E+00     0.000000E+00     0.000000E+00   0.00000000E+00   2.79074518E-03
     3.477868E+02     3.477868E+02     0.000000E+00     0.000000E+00     0.000000E+00   0.00000000E+00   2.73259335E-03
     3.509595E+02     3.509595E+02     0.000000E+00     0.000000E+00     0.000000E+00   0.00000000E+00   2.67624351E-03
     3.541321E+02     3.541321E+02     0.000000E+00     0.000000E+00     0.000000E+00   0.00000000E+00   2.62162184E-03
     3.573048E+02     3.573048E+02     0.000000E+00     0.000000E+00     0.000000E+00   0.00000000E+00   2.56865828E-03
     3.604775E+02     3.604775E+02     0.000000E+00     0.000000E+00     0.000000E+00   0.00000000E+00   2.51728627E-03
